%YAML:1.0
---
K: !!opencv-matrix
   rows: 3
   cols: 3
   dt: d
   data: [ 7.4277987126916105e+02, 0., 4.1383332536455652e+02, 0.,
       7.4206801129690189e+02, 3.5971344245777135e+02, 0., 0., 1. ]
D: !!opencv-matrix
   rows: 1
   cols: 5
   dt: d
   data: [ -1.6634493937969588e-02, 2.5797696174575873e-02,
       -6.3277996175272857e-05, -7.9001084361643556e-04,
       -5.9946830701576637e-02 ]
